# Table 2 
# Optical Photometry of SN 2011fe
JD^a	Phase^b	U (mag)^c	B (mag)	V (mag)	R (mag)	I (mag)	Telescope	
5798.17	-16.31	15.013(086)	15.185(030)	14.797(021)	14.740(020)	14.848(030)	KAIT	
5798.53	-15.95	14.534(014)	14.743(013)	14.325(019)	14.260(024)	14.248(052)	LJT	
5799.16	-15.32	13.894(044)	14.027(030)	13.685(020)	13.641(020)	13.745(030)	KAIT	
5799.53	-14.95	13.572(036)	13.687(019)	13.410(020)	13.367(025)	13.333(040)	LJT	
5800.17	-14.31	13.138(084)	13.225(030)	12.943(020)	12.921(020)	12.991(030)	KAIT	
5800.53	-13.95	12.855(017)	12.940(019)	12.768(020)	12.710(025)	12.645(041)	LJT	
5801.50	-12.98	cdots	12.470(012)	12.370(011)	12.266(017)	12.221(023)	TNT	
5801.52	-12.96	12.201(017)	12.410(017)	12.242(021)	12.183(025)	12.121(046)	LJT	
5802.15	-12.33	11.951(072)	12.022(030)	11.996(020)	11.938(020)	11.914(030)	KAIT	
5802.52	-11.96	11.621(019)	11.890(017)	11.837(022)	11.748(024)	11.678(051)	LJT	
5803.15	-11.33	11.371(046)	11.624(030)	11.590(020)	11.464(020)	11.500(030)	KAIT	
5803.52	-10.96	11.094(024)	11.454(015)	11.460(020)	11.353(025)	11.293(048)	LJT	
5804.15	-10.33	10.988(019)	11.216(030)	11.236(021)	11.136(020)	11.129(030)	KAIT	
5804.53	-9.95	10.688(019)	11.142(016)	11.152(022)	11.039(024)	10.995(059)	LJT	
5805.15	-9.33	10.557(015)	10.943(030)	11.002(020)	10.854(020)	10.900(030)	KAIT	
5805.51	-8.97	cdots	10.929(011)	10.972(021)	10.835(014)	10.878(023)	TNT	
5805.52	-8.96	10.400(038)	10.861(014)	10.903(020)	10.788(025)	10.763(050)	LJT	
5806.14	-8.34	10.379(017)	10.743(030)	10.697(020)	10.688(020)	10.666(030)	KAIT	
5806.51	-7.97	cdots	10.750(010)	10.744(013)	10.651(035)	10.734(066)	TNT	
5806.52	-7.96	10.190(028)	10.662(025)	10.628(022)	10.581(025)	10.553(043)	LJT	
5807.14	-7.34	10.160(088)	10.519(030)	10.559(020)	10.460(020)	10.519(030)	KAIT	
5807.54	-6.94	9.940(018)	10.473(021)	10.504(023)	10.423(029)	10.443(044)	LJT	
5808.14	-6.34	9.852(093)	10.396(030)	10.426(020)	10.338(020)	10.425(030)	KAIT	
5808.50	-5.98	cdots	10.412(009)	10.475(021)	10.347(009)	10.403(021)	TNT	
5808.52	-5.96	cdots	cdots	cdots	cdots	10.342(060)	LJT	
5809.14	-5.34	cdots	10.252(030)	10.323(021)	10.226(020)	10.346(030)	KAIT	
5809.52	-4.96	9.714(054)	10.214(014)	10.216(023)	10.185(026)	10.240(048)	LJT	
5809.52	-4.96	cdots	10.281(010)	10.372(034)	10.271(021)	10.313(043)	TNT	
5810.14	-4.34	9.607(147)	10.171(030)	10.212(020)	10.167(020)	10.270(030)	KAIT	
5811.14	-3.34	9.516(115)	10.082(030)	10.124(020)	10.079(020)	10.251(030)	KAIT	
5812.14	-2.34	9.527(028)	10.017(030)	10.079(020)	10.057(020)	10.228(030)	KAIT	
5813.14	-1.34	9.545(088)	9.969(030)	9.996(020)	10.020(020)	10.243(030)	KAIT	
5815.13	0.65	9.505(092)	9.991(030)	9.998(020)	10.034(020)	10.321(030)	KAIT	
5816.13	1.65	9.570(014)	9.987(030)	10.015(021)	10.047(020)	10.360(030)	KAIT	
5817.13	2.65	9.589(070)	10.034(030)	9.984(020)	10.004(020)	10.410(030)	KAIT	
5817.51	3.03	9.772(013)	10.095(028)	9.998(020)	10.028(025)	10.311(042)	LJT	
5818.13	3.65	9.631(144)	10.108(030)	9.983(020)	10.062(020)	10.439(030)	KAIT	
5819.13	4.65	9.613(025)	10.117(030)	10.025(020)	10.081(020)	10.501(030)	KAIT	
5820.13	5.65	9.754(100)	cdots	cdots	cdots	cdots	KAIT	
5821.12	6.64	9.800(040)	10.188(030)	10.107(021)	10.187(020)	10.594(030)	KAIT	
5822.12	7.64	9.958(075)	10.324(030)	10.117(020)	cdots	cdots	KAIT	
5823.52	9.04	10.224(019)	10.447(015)	10.184(023)	10.351(027)	10.667(047)	LJT	
5824.49	10.01	10.404(045)	10.627(010)	10.356(015)	10.564(012)	10.875(025)	TNT	
5825.49	11.01	10.564(043)	10.667(010)	10.471(017)	10.650(010)	10.969(026)	TNT	
5826.49	12.01	10.676(041)	10.800(009)	10.456(012)	10.636(011)	10.956(025)	TNT	
5827.47	12.99	10.840(051)	10.933(011)	10.474(017)	10.692(014)	10.969(020)	TNT	
5828.48	14.00	10.939(042)	11.039(009)	10.558(011)	10.731(016)	10.978(018)	TNT	
5829.46	14.98	11.207(194)	11.138(008)	10.632(037)	10.763(028)	10.935(022)	TNT	
5830.47	15.99	11.228(068)	11.311(021)	10.701(022)	10.827(032)	10.923(031)	TNT	
5832.50	18.02	11.425(013)	11.328(026)	10.759(032)	10.715(026)	10.716(064)	LJT	
5833.46	18.98	cdots	11.637(012)	10.807(025)	10.814(012)	10.851(030)	TNT	
5834.45	19.97	cdots	11.814(024)	10.866(025)	10.830(019)	10.866(027)	TNT	
5835.45	20.97	11.527(573)	11.918(008)	10.952(046)	10.786(042)	10.852(066)	TNT	
5836.45	21.97	12.200(044)	12.001(013)	11.011(023)	10.859(017)	10.827(043)	TNT	
5837.45	22.97	12.126(065)	12.155(009)	11.023(037)	10.851(013)	10.787(019)	TNT	
5839.45	24.97	12.663(068)	12.243(009)	11.196(027)	10.920(017)	10.743(035)	TNT	
5840.45	25.97	12.637(042)	12.310(010)	11.234(021)	10.949(013)	10.749(024)	TNT	
5841.48	27.00	cdots	12.422(011)	11.305(050)	11.032(035)	10.747(025)	TNT	
5847.44	32.96	cdots	12.888(016)	11.679(054)	11.348(050)	11.056(095)	TNT	
5848.45	33.97	12.938(058)	12.942(013)	11.749(010)	11.457(024)	11.089(023)	TNT	
5850.44	35.96	13.152(065)	13.045(013)	11.854(022)	11.598(022)	11.237(025)	TNT	
5851.44	36.96	13.091(060)	13.048(026)	11.930(012)	11.646(020)	11.310(023)	TNT	
5852.45	37.97	13.309(042)	13.106(017)	11.948(013)	11.677(015)	11.365(028)	TNT	
5858.43	43.95	13.358(064)	13.281(009)	12.152(019)	11.936(013)	11.686(022)	TNT	
5891.90	77.42	cdots	13.747(009)	13.078(010)	13.031(010)	13.119(021)	TNT	
5894.87	80.39	14.305(050)	13.791(008)	13.157(017)	13.114(014)	13.218(021)	TNT	
5906.89	92.41	14.728(044)	13.941(011)	13.451(010)	13.497(011)	13.645(020)	TNT	
5908.91	94.43	14.700(048)	13.956(011)	13.466(015)	13.555(012)	13.707(020)	TNT	
5910.93	96.45	14.837(053)	13.962(009)	13.547(008)	13.621(015)	13.777(022)	TNT	
5911.86	97.38	14.958(055)	14.007(011)	13.592(011)	13.653(011)	13.815(021)	TNT	
5912.93	98.45	15.056(043)	14.035(011)	13.601(011)	13.684(012)	13.862(019)	TNT	
5913.86	99.38	15.217(105)	14.030(011)	13.631(019)	13.767(044)	13.848(078)	TNT	
5914.91	100.43	14.954(049)	14.036(011)	13.647(008)	13.751(011)	13.920(023)	TNT	
5916.91	102.43	15.230(045)	14.076(011)	13.689(008)	13.803(011)	13.973(018)	TNT	
5917.90	103.42	15.117(042)	14.096(009)	13.712(008)	13.847(009)	13.989(020)	TNT	
5918.91	104.43	15.219(042)	14.101(009)	13.728(006)	13.862(010)	14.036(019)	TNT	
5926.92	112.44	15.399(043)	14.226(012)	13.916(009)	cdots	14.266(021)	TNT	
5928.88	114.40	15.593(046)	14.268(010)	13.955(009)	14.122(014)	14.296(021)	TNT	
5929.84	115.36	15.557(046)	14.278(012)	13.975(010)	14.201(009)	14.314(022)	TNT	
5934.85	120.37	15.768(048)	14.359(015)	14.108(010)	14.390(011)	14.522(018)	TNT	
5936.91	122.43	15.940(050)	14.423(015)	14.156(010)	14.418(011)	14.515(021)	TNT	
5937.92	123.44	15.883(048)	14.426(012)	14.195(009)	14.496(011)	14.598(019)	TNT	
5938.94	124.46	cdots	14.419(016)	14.200(021)	14.479(016)	14.410(047)	TNT	
5954.92	140.44	16.606(051)	14.673(012)	14.481(012)	14.849(017)	14.833(027)	TNT	
5960.73	146.25	16.828(048)	14.736(014)	14.597(013)	15.075(016)	14.980(027)	TNT	
5965.84	151.36	16.537(059)	14.857(011)	14.711(013)	15.208(013)	15.175(023)	TNT	
5966.93	152.45	cdots	14.885(022)	14.795(021)	15.142(028)	15.119(037)	TNT	
5967.90	153.42	16.728(085)	14.860(013)	14.781(013)	15.234(012)	15.155(022)	TNT	
5968.86	154.38	16.700(065)	14.857(013)	14.782(013)	15.276(012)	15.187(025)	TNT	
5971.89	157.41	17.024(056)	14.911(013)	14.856(014)	15.284(017)	15.252(023)	TNT	
5972.89	158.41	17.024(048)	14.918(010)	14.821(012)	15.297(019)	15.197(027)	TNT	
5979.85	165.37	17.228(050)	15.056(013)	14.900(011)	15.511(024)	15.282(029)	TNT	
5981.87	167.39	17.503(050)	15.067(015)	15.009(013)	15.516(018)	15.297(031)	TNT	
5982.84	168.36	17.248(061)	15.073(017)	14.990(017)	15.574(023)	15.371(037)	TNT	
5983.83	169.35	17.328(057)	15.062(016)	15.037(019)	15.596(015)	15.356(030)	TNT	
5985.88	171.40	17.274(077)	15.125(013)	15.112(011)	15.699(014)	15.520(024)	TNT	
5992.84	178.36	17.729(078)	15.229(020)	15.144(013)	15.761(023)	15.588(027)	TNT	
5994.86	180.38	17.248(097)	15.421(041)	15.176(036)	16.037(076)	15.558(081)	TNT	
5996.87	182.39	18.076(099)	15.287(039)	15.182(031)	15.810(051)	15.619(056)	TNT	
5998.85	184.37	17.510(081)	15.327(014)	15.282(011)	15.950(014)	15.672(022)	TNT	
5999.87	185.39	17.681(055)	15.322(018)	15.247(016)	15.859(021)	15.722(041)	TNT	
6010.82	196.34	18.074(062)	15.477(014)	15.500(013)	16.201(017)	15.798(025)	TNT	
6011.79	197.31	cdots	15.478(011)	15.523(013)	16.215(018)	15.943(032)	TNT	
6012.72	198.24	cdots	15.474(018)	15.505(014)	16.092(033)	15.789(056)	TNT	
6015.77	201.29	18.008(055)	15.531(012)	15.539(013)	16.223(018)	15.821(028)	TNT	
6020.80	206.32	17.974(081)	15.676(012)	15.666(015)	16.355(025)	16.057(029)	TNT	
6021.71	207.23	cdots	15.653(020)	15.672(019)	16.490(028)	15.909(028)	TNT	
6029.75	215.27	18.140(065)	15.784(013)	15.785(012)	16.511(015)	16.153(021)	TNT	
6042.81	228.33	18.581(081)	15.930(012)	15.993(013)	16.762(016)	16.249(023)	TNT	
6050.62	236.14	18.052(278)	16.094(033)	16.102(035)	16.909(066)	16.363(051)	TNT	
6062.55	248.07	19.014(159)	16.242(018)	16.281(018)	17.105(027)	16.505(032)	TNT	
6069.62	255.14	cdots	16.304(038)	16.374(019)	16.968(077)	cdots	TNT	
6071.61	257.13	cdots	16.357(013)	16.419(013)	17.247(028)	16.529(038)	TNT	
6077.52	263.04	cdots	16.588(114)	16.443(043)	17.325(065)	16.855(087)	TNT	
6090.72	276.24	cdots	16.588(034)	16.673(033)	17.399(077)	16.709(088)	TNT	
6108.53	294.05	cdots	17.318(139)	17.234(082)	17.850(117)	16.937(061)	TNT	
6137.54	323.06	cdots	17.651(101)	17.430(071)	18.258(090)	17.145(059)	TNT	
6160.59	346.11	cdots	17.918(140)	17.814(107)	18.051(155)	18.096(260)	TNT	
6277.56	463.08	cdots	cdots	19.360(040)	20.100(060)	18.930(030)	LJT	
# Notes.
# ^a 2,450,000.5 has been subtracted from the Julian Date.
# ^b Relative to the epoch of B-band maximum (JD = 2,455,814.98).
# ^c Uncertainties, in units of 0.001 mag, are 1sigma.
